
Element["" "" "" "" 17000 16000 0 0 0 100 ""]
(
	Pad[-10000 -12000 -10000 -8000 6000 2000 8000 "" "2" "square"]
	Pad[0 -12000 0 -8000 6000 2000 8000 "" "4" "square"]
	Pad[10000 -12000 10000 -8000 6000 2000 8000 "" "6" "square"]
	Pad[-10000 8000 -10000 12000 6000 2000 8000 "" "1" "square,edge2"]
	Pad[0 8000 0 12000 6000 2000 8000 "" "3" "square,edge2"]
	Pad[10000 8000 10000 12000 6000 2000 8000 "" "5" "square,edge2"]
	ElementLine [-15000 -4000 -15000 2000 1000]
	ElementLine [15000 4000 15000 -4000 1000]
	ElementLine [-15000 2000 -12000 5000 1000]
	ElementLine [-15000 -4000 -14000 -5000 1000]
	ElementLine [-14000 -5000 -7000 -5000 1000]
	ElementLine [-14000 -5000 -6000 -5000 1000]
	ElementLine [-6000 -5000 -5000 -4000 1000]
	ElementLine [-5000 -4000 -4000 -5000 1000]
	ElementLine [-4000 -5000 4000 -5000 1000]
	ElementLine [4000 -5000 5000 -4000 1000]
	ElementLine [5000 -4000 6000 -5000 1000]
	ElementLine [6000 -5000 14000 -5000 1000]
	ElementLine [14000 -5000 15000 -4000 1000]
	ElementLine [14000 5000 15000 4000 1000]
	ElementLine [14000 5000 6000 5000 1000]
	ElementLine [6000 5000 5000 4000 1000]
	ElementLine [5000 4000 4000 5000 1000]
	ElementLine [4000 5000 -4000 5000 1000]
	ElementLine [-4000 5000 -5000 4000 1000]
	ElementLine [-5000 4000 -6000 5000 1000]
	ElementLine [-6000 5000 -12000 5000 1000]
	ElementLine [-14000 10000 -16000 8000 1000]
	ElementLine [-16000 8000 -16000 12000 1000]
	ElementLine [-16000 12000 -14000 10000 1000]
	ElementLine [-14000 10000 -15000 10000 1000]
	ElementLine [-15000 10000 -16000 11000 1000]
	ElementLine [-16000 11000 -16000 10000 1000]
	ElementLine [-16000 10000 -15000 9000 1000]

	)
